20 20
3 72 88
8 18
2 3
8 2
18 7
10 16
17 18
18 6
14 18
7 4
12 13
11 2
10 17
12 8
14 4
7 10
16 3
7 18
14 5
18 14
4 4
12 12
2 5
18 5
8 16
9 2
17 6
8 4
17 10
12 17
18 4
3 14
14 10
14 7
17 16
14 8
4 15
18 2
15 14
6 7
13 8
12 14
8 14
12 18
6 4
10 12
9 4
18 15
10 9
12 11
11 14
14 6
13 2
12 16
16 4
12 6
10 13
11 16
16 6
10 4
18 3
15 12
6 16
10 10
13 10
2 8
14 17
7 12
16 2
4 12
4 17
3 4
12 10
16 13
4 10
8 8
14 2
14 12
15 2
6 12
10 18
2 4
5 6
8 15
4 18
4 16
4 11
18 11
8 12
6 2
9 16
9 12
2 16
6 14
16 7
6 8
8 6
16 14
12 4
14 11
10 5
16 8
3 8
18 19
15 18
2 9
2 14
18 18
2 18
12 5
7 2
6 18
4 6
4 7
16 16
2 11
2 12
18 10
2 10
10 7
2 6
4 14
7 8
5 10
10 8
6 13
2 15
10 2
4 8
18 13
18 12
6 6
18 16
12 2
18 9
8 5
9 10
15 4
12 7
5 18
18 20
6 15
14 16
6 10
5 2
2 17
2 2
3 2
6 17
14 14
16 10
6 3
10 14
16 18
16 12
8 10
2 13
10 6
9 18
14 15
8 9
