40 40
14 280 360
29 12
18 7
10 32
15 20
14 4
17 2
23 2
4 33
40 26
33 14
26 35
1 2
27 18
28 23
36 27
38 8
15 4
26 25
14 34
20 4
40 5
37 10
34 17
30 18
6 36
15 14
32 36
30 35
26 19
40 8
40 6
18 29
20 28
14 8
18 12
22 26
40 24
34 30
16 12
38 34
11 32
36 38
38 32
8 33
34 38
33 28
36 26
17 20
22 21
11 10
8 11
12 2
23 40
34 3
6 31
30 20
4 36
23 30
32 34
12 23
33 4
36 10
30 22
4 39
4 26
22 11
34 23
6 26
36 28
40 21
28 2
34 32
4 12
28 27
32 38
2 6
3 8
23 24
10 30
2 31
2 27
19 34
4 24
18 22
2 25
30 21
11 38
22 10
18 18
5 16
30 36
32 31
15 10
24 38
16 34
20 30
1 20
20 33
21 6
12 6
10 36
12 15
10 22
5 2
36 34
38 22
38 21
30 14
2 32
34 4
13 8
19 24
33 22
4 9
9 8
14 21
34 27
26 24
10 24
36 9
19 38
6 14
18 35
28 13
2 26
27 6
34 26
26 12
14 13
24 16
38 26
22 35
40 14
16 32
24 34
40 18
2 14
18 27
26 14
3 40
27 30
5 32
31 6
37 12
24 6
34 20
18 31
38 29
5 22
14 17
10 4
4 23
6 24
26 32
19 14
24 18
26 3
1 10
38 3
30 3
12 36
26 22
18 9
34 25
32 37
31 18
25 38
30 34
21 2
19 20
14 19
5 26
40 34
7 6
38 27
29 36
28 6
28 9
9 22
38 10
40 20
13 10
30 31
20 22
36 8
3 16
38 12
14 35
8 26
23 26
38 18
38 40
26 30
34 6
12 38
16 38
10 26
40 2
28 33
3 36
29 26
24 12
10 15
36 16
36 1
10 7
11 2
34 14
12 12
22 5
30 38
26 36
28 22
31 10
4 40
32 26
20 16
26 2
26 21
1 40
26 28
4 16
21 28
39 36
38 17
40 28
38 2
22 6
8 30
36 5
34 11
31 14
24 3
26 34
16 26
6 10
10 33
6 29
33 34
28 25
32 28
17 26
35 40
6 37
40 11
2 2
20 37
32 30
30 7
36 25
14 24
12 35
8 40
2 4
4 19
10 28
30 15
8 4
36 20
22 31
20 3
15 24
40 10
8 15
34 15
7 24
4 35
24 28
34 34
30 12
28 5
20 40
10 2
25 12
31 22
6 2
2 18
39 12
17 36
17 10
22 28
30 9
24 28
31 14
26 16
26 30
34 24
34 26
24 26
13 10
4 12
30 10
18 10
17 36
8 40
38 15
22 37
37 18
24 32
32 31
19 20
7 2
14 22
24 14
28 15
20 34
24 24
38 26
27 10
6 9
14 25
2 6
22 9
26 26
24 16
34 17
8 26
6 8
21 28
5 4
40 40
2 25
10 26
36 34
14 10
22 24
40 26
28 34
9 30
5 26
8 4
7 6
6 30
18 20
28 12
33 30
10 17
24 3
40 34
32 6
37 12
8 17
18 35
40 11
26 17
38 29
8 11
34 10
27 40
34 23
9 38
4 14
32 20
17 2
35 34
25 26
33 34
36 9
27 30
8 34
4 2
36 28
30 11
26 35
17 22
40 2
32 2
30 12
24 27
36 27
38 30
12 37
7 24
13 6
14 14
23 20
32 24
38 38
34 9
18 34
6 6
30 28
18 38
3 16
16 27
36 7
8 20
36 32
5 36
4 33
12 5
23 24
2 34
35 30
16 18
16 16
30 6
26 21
16 26
36 25
15 28
2 37
12 36
34 8
40 30
9 4
12 18
10 24
32 36
29 36
33 14
2 12
2 28
32 28
30 34
33 22
10 34
38 17
16 4
28 38
40 18
18 9
39 36
24 23
32 34
20 37
2 38
14 13
33 16
3 24
22 40
8 29
38 18
8 15
8 24
36 40
26 14
12 7
2 2
39 12
30 26
14 20
28 22
30 8
33 8
24 4
32 27
5 14
31 28
4 7
16 10
10 20
32 13
24 34
32 40
26 10
12 26
40 35
39 32
2 22
40 13
22 16
38 12
34 6
39 26
16 39
10 16
26 40
21 2
16 32
27 2
14 17
14 40
14 35
15 24
23 12
18 22
31 6
26 22
14 34
24 1
12 6
38 23
22 23
16 3
14 31
32 14
36 13
33 28
34 25
7 38
27 28
14 28
7 20
11 38
21 34
15 34
19 24
16 38
19 12
30 22
17 16
3 8
28 18
6 7
16 30
22 31
16 24
2 20
36 1
6 4
17 10
14 26
36 38
4 40
28 40
34 14
4 27
36 39
9 26
6 19
37 36
18 36
10 10
18 32
40 36
17 20
30 20
20 3
36 21
35 4
40 22
20 14
2 36
6 28
34 34
14 8
31 10
38 3
2 17
29 22
28 32
12 35
34 11
36 31
27 18
12 16
8 19
38 32
25 30
23 26
28 9
16 34
29 2
31 36
8 6
38 10
40 5
25 20
33 6
10 23
19 38
22 34
4 35
21 16
26 18
2 16
10 8
14 21
15 10
16 6
32 8
20 8
40 39
27 6
10 27
36 20
21 12
20 15
2 27
20 22
30 21
13 40
24 36
34 7
28 8
34 27
32 32
4 24
27 32
18 8
34 18
36 14
13 26
34 32
6 34
31 34
34 35
39 40
36 12
14 32
16 20
30 39
2 40
22 30
4 3
1 40
12 11
4 26
5 40
28 23
35 40
19 2
8 30
36 36
34 12
35 38
19 6
36 29
16 17
18 25
20 33
20 39
28 10
11 4
7 28
34 19
22 11
24 22
28 5
6 18
40 10
12 34
34 20
3 36
8 12
2 5
39 20
24 37
40 20
