80 80
44 1024 1408
10 78
14 16
64 75
36 10
56 32
76 64
19 32
78 14
63 60
5 60
43 36
20 28
26 31
78 15
40 75
70 34
32 45
66 6
2 28
55 62
68 34
64 74
71 4
32 18
37 54
62 43
4 54
71 2
48 40
64 35
53 72
33 44
66 34
76 35
34 74
22 48
46 11
28 39
44 20
78 27
66 20
12 15
10 27
20 14
42 33
78 3
40 8
69 18
51 8
8 37
20 36
48 32
48 48
2 19
50 22
62 41
32 48
18 65
65 30
57 28
39 18
30 7
42 48
48 64
6 4
2 62
74 39
40 57
46 38
31 48
78 26
32 60
10 77
12 12
47 76
57 68
72 48
36 15
17 68
78 59
67 8
56 34
58 40
25 40
28 9
61 54
51 54
74 30
8 72
28 14
28 32
36 76
25 28
60 7
22 29
76 76
58 38
46 61
46 63
61 12
5 26
22 20
3 50
13 44
17 26
62 30
57 8
22 30
8 49
2 76
34 56
54 53
34 30
35 28
4 64
26 34
37 32
48 22
66 71
17 66
55 12
18 21
34 35
36 50
48 46
41 46
69 16
32 12
54 76
36 70
50 53
40 38
10 30
44 24
28 18
72 6
36 7
63 4
21 34
34 41
14 56
46 68
37 4
26 66
77 48
38 74
14 54
62 63
72 65
71 62
50 72
48 60
52 38
68 69
77 20
47 58
22 23
34 7
66 48
43 2
20 76
32 34
28 75
10 76
72 40
24 77
30 10
46 62
36 54
46 9
8 3
26 28
12 30
12 39
28 22
10 9
28 42
46 52
46 2
53 60
14 27
30 69
44 64
18 56
56 40
29 54
21 2
4 4
19 56
33 34
68 36
62 44
46 70
23 46
8 60
36 56
61 6
14 58
35 30
62 21
8 71
23 48
74 12
34 8
44 52
30 4
37 44
8 21
36 72
61 10
71 14
30 16
38 30
4 30
54 26
6 20
44 55
60 38
37 40
50 4
18 10
64 77
68 8
20 67
64 10
26 22
16 72
42 65
42 51
64 62
16 54
59 74
24 52
7 4
24 5
36 24
46 34
38 42
28 76
28 58
78 37
68 50
66 35
77 18
11 48
58 68
2 12
42 64
3 34
69 26
27 78
22 10
50 5
78 17
68 22
40 65
22 76
36 67
23 24
68 56
45 20
13 2
49 30
50 68
34 62
25 58
46 13
60 16
53 34
44 32
48 15
50 42
35 56
31 38
9 50
40 53
40 11
41 2
39 6
56 22
42 74
64 44
75 54
4 73
52 32
68 47
38 46
62 72
58 46
2 65
22 17
44 5
66 54
66 58
32 64
2 54
64 39
2 60
78 35
22 26
16 53
24 34
70 76
32 52
11 32
66 21
18 77
72 56
8 18
36 75
22 64
20 43
4 49
4 22
28 12
63 18
8 50
54 21
43 18
52 4
12 40
74 67
45 28
54 20
34 68
37 28
29 74
50 39
20 5
12 60
66 68
72 46
57 72
3 42
53 30
56 50
42 67
5 68
40 67
44 56
32 8
49 38
61 2
62 15
34 4
68 40
40 31
56 13
26 57
59 4
72 32
2 11
39 62
26 27
78 2
30 77
30 26
62 14
39 64
44 45
8 69
21 4
68 18
40 5
20 60
60 23
2 72
21 64
30 42
72 21
76 28
33 40
62 37
9 52
56 19
49 64
64 15
10 64
68 52
70 59
11 36
12 29
18 45
32 14
60 22
18 20
30 73
2 22
10 10
46 30
28 33
44 50
10 4
38 43
52 16
20 38
10 67
21 50
42 78
6 70
28 46
2 37
8 25
32 19
75 74
48 36
4 68
56 49
3 60
18 57
66 44
13 58
78 24
27 54
14 77
4 43
7 40
4 19
66 27
50 16
38 12
4 8
34 28
18 40
78 44
27 36
40 43
78 6
51 60
32 22
38 76
22 6
24 6
49 56
47 30
56 24
26 6
38 58
28 24
24 48
58 34
42 16
40 12
58 50
37 56
26 64
76 23
56 48
34 66
21 30
57 10
73 16
6 14
66 73
77 2
43 64
20 42
58 70
67 44
53 58
36 36
39 2
56 62
27 56
56 18
71 12
10 60
8 10
44 8
7 56
72 31
77 62
62 4
3 76
49 62
76 74
10 73
58 5
34 63
10 2
19 30
27 24
48 4
30 49
66 66
33 66
46 57
16 39
12 6
40 71
16 62
68 28
6 76
50 44
4 70
11 26
28 10
11 42
60 50
10 28
67 78
65 72
35 36
6 16
44 77
17 64
78 71
26 44
69 34
74 68
68 23
60 60
20 72
7 66
43 30
20 63
54 38
32 76
12 66
60 36
73 58
10 22
76 25
8 14
42 23
32 42
42 56
31 58
50 27
6 8
10 8
75 64
56 16
9 18
74 72
49 14
50 28
56 6
16 60
46 28
30 40
41 78
38 24
25 54
52 62
63 6
2 26
70 62
27 52
61 36
14 68
75 4
22 18
12 9
64 42
47 4
32 53
60 76
5 32
54 25
70 72
32 78
32 7
16 38
56 15
72 24
66 75
59 40
18 44
62 77
31 50
31 14
42 18
60 20
18 17
22 47
69 32
40 42
38 10
54 49
36 46
71 52
30 37
68 10
20 48
66 45
28 62
42 7
45 54
54 58
32 36
27 72
72 36
14 36
42 70
39 32
68 48
12 2
52 13
12 26
55 66
26 41
20 40
4 40
40 55
14 46
64 7
68 75
40 40
67 38
13 70
43 24
72 47
62 32
66 8
2 73
72 22
47 66
54 55
26 68
10 35
42 30
12 22
46 43
24 40
51 36
48 10
26 32
20 20
48 18
30 38
58 58
34 55
16 24
2 6
34 26
68 72
52 75
8 2
29 28
60 67
18 9
6 42
10 20
28 21
36 8
58 51
42 10
14 40
67 60
16 78
72 42
56 26
18 4
67 2
50 41
24 72
11 60
36 53
46 35
50 26
41 72
14 28
53 48
2 77
55 64
74 23
24 8
69 12
75 46
45 14
4 38
49 10
15 10
71 54
62 6
70 26
22 50
62 12
65 46
51 62
6 62
20 27
62 11
78 53
38 14
58 59
24 62
54 43
6 2
20 15
54 28
34 16
2 55
24 68
8 5
67 20
10 71
64 12
48 45
51 74
42 43
35 78
36 51
78 46
32 20
62 38
28 50
56 38
14 33
20 47
12 38
19 36
68 41
45 22
78 47
70 31
66 17
21 58
56 58
17 42
16 50
28 26
34 53
24 27
26 18
18 52
46 72
32 62
44 76
55 72
61 42
24 64
75 20
34 49
16 5
51 72
30 35
46 23
12 16
40 52
74 43
4 69
34 48
66 40
20 39
15 72
38 62
22 70
22 39
55 46
19 48
64 32
12 37
5 20
24 30
50 76
40 44
46 37
51 52
44 62
17 40
9 74
38 40
68 35
50 58
52 10
4 28
58 15
68 30
31 24
36 40
78 52
11 10
73 8
74 20
24 32
53 78
43 62
59 56
34 32
30 64
8 13
52 23
43 74
36 34
64 20
77 78
13 64
34 60
74 66
46 78
76 6
74 18
31 32
58 18
41 52
53 38
30 20
43 8
67 36
50 45
32 33
42 66
50 78
68 11
48 51
36 68
18 68
20 51
24 63
62 76
36 39
41 24
26 33
6 69
56 75
26 61
50 20
16 16
36 32
48 56
56 41
50 36
61 38
31 26
6 36
52 39
66 61
2 75
70 65
47 16
70 6
32 6
2 29
15 70
76 71
34 40
2 53
64 4
62 8
59 18
32 72
61 60
22 22
32 63
70 70
70 52
19 8
42 27
46 7
30 44
64 43
18 23
32 15
20 75
29 36
42 44
63 24
39 14
8 44
56 44
47 64
69 8
2 25
61 46
18 62
10 7
44 35
38 54
46 58
59 16
66 26
52 18
70 15
16 44
2 68
4 55
23 18
28 49
42 15
13 74
56 42
17 78
28 64
70 46
55 6
66 5
53 10
33 16
69 6
60 14
72 9
20 17
40 39
12 8
30 68
62 59
20 62
41 36
4 76
60 57
28 44
31 6
50 10
48 24
47 56
26 48
68 29
18 74
42 13
76 22
24 70
52 45
44 68
7 46
16 46
58 7
76 13
48 66
69 50
10 57
78 54
44 38
68 54
38 4
60 63
26 54
72 41
32 66
40 50
58 24
25 50
37 16
13 12
38 70
70 66
47 2
4 42
27 2
74 17
6 47
31 28
14 70
4 23
23 44
36 58
35 14
38 55
52 58
44 14
66 49
3 58
22 34
52 22
4 3
54 2
62 66
70 8
44 54
12 58
44 30
49 60
74 35
22 32
22 66
24 37
66 36
62 10
62 22
24 78
50 77
14 19
2 34
25 74
66 76
43 38
54 71
17 32
33 26
50 62
64 16
55 50
48 21
5 14
75 2
6 30
8 76
39 16
21 8
5 44
68 32
65 48
38 56
42 73
38 6
76 52
30 70
10 47
12 44
8 12
38 26
52 48
73 28
75 50
69 30
16 10
67 26
14 74
29 12
26 76
25 48
40 21
52 74
34 61
62 28
32 68
40 18
56 78
48 68
3 18
8 20
18 64
55 76
60 46
69 42
62 48
74 16
8 41
8 42
12 7
33 64
64 30
55 8
26 24
10 39
60 4
53 40
14 24
76 60
50 66
8 34
26 47
76 66
30 52
77 6
8 32
30 2
32 73
64 63
78 51
31 70
31 4
25 6
70 55
54 6
35 38
31 20
18 54
74 62
34 72
19 78
75 10
36 25
13 54
24 58
69 2
60 52
47 54
28 54
61 30
40 78
62 2
32 57
49 58
37 48
5 48
24 59
50 8
22 58
38 37
14 62
60 12
77 56
74 8
38 38
25 22
50 32
60 30
72 28
24 14
28 61
23 72
3 30
56 67
2 13
48 6
49 46
48 19
36 28
72 8
28 52
16 58
35 42
21 10
67 10
66 16
22 38
44 40
61 50
6 13
52 65
16 18
34 64
11 18
2 74
50 31
2 2
52 12
4 57
60 70
38 16
45 18
62 40
39 8
64 13
50 6
8 58
37 72
35 26
34 50
60 45
38 77
58 39
19 2
57 20
40 64
66 2
40 46
24 18
57 78
46 66
74 76
24 51
11 46
18 15
36 45
78 9
73 70
19 24
54 66
70 78
54 31
47 12
11 52
30 65
24 66
22 27
51 16
70 23
74 73
26 62
64 48
34 29
14 48
28 60
50 60
78 70
12 28
3 4
8 64
42 58
66 67
59 66
78 32
24 12
49 26
14 76
32 58
77 38
62 18
16 2
70 14
40 66
21 76
10 62
58 20
8 43
17 60
64 18
68 60
37 34
54 59
72 52
44 48
70 38
11 16
11 64
26 8
68 3
44 18
69 74
78 20
54 42
39 58
18 48
6 57
78 18
54 12
52 40
30 63
68 39
55 16
32 32
71 40
13 72
64 46
55 22
72 62
52 63
58 55
68 19
62 54
54 36
9 14
43 26
15 24
55 20
2 32
68 26
25 78
8 77
50 11
10 58
44 63
60 74
42 14
50 30
6 75
12 10
58 78
46 26
74 61
58 31
32 70
64 24
66 52
66 10
2 51
34 5
41 12
62 52
42 54
50 67
34 14
30 8
61 52
60 54
70 74
60 2
6 77
68 76
70 36
36 47
17 10
40 76
30 31
34 2
75 8
70 43
8 56
58 23
23 34
16 8
18 73
46 40
64 22
64 2
2 78
34 38
65 78
78 45
44 33
12 18
26 60
63 66
55 10
41 18
70 71
56 28
52 46
57 26
14 22
52 49
19 54
64 50
46 20
64 59
12 54
78 34
12 76
45 66
28 38
30 66
78 48
4 77
8 68
72 64
5 54
66 69
18 27
6 78
28 2
24 74
28 4
40 49
26 40
22 65
38 35
70 24
70 32
65 58
4 11
2 14
8 78
58 2
54 18
6 27
5 16
62 68
29 34
16 48
28 6
18 50
58 10
34 44
12 14
52 3
46 5
45 70
38 73
56 36
76 58
64 17
54 50
72 59
44 31
6 38
66 57
42 77
66 46
46 54
50 18
12 24
70 60
2 39
59 26
42 49
26 19
40 54
52 72
66 22
15 66
74 2
30 14
36 2
42 34
47 40
60 25
30 45
78 29
14 38
19 62
12 68
71 78
28 30
47 48
77 72
30 74
24 33
2 30
48 42
58 62
6 6
74 28
9 68
15 62
16 20
68 74
36 59
52 42
55 32
30 43
14 72
5 34
44 12
58 52
60 77
74 24
58 65
78 75
72 37
38 20
42 40
27 12
30 30
54 30
77 64
58 76
35 18
46 69
58 48
20 74
43 58
25 72
26 25
6 68
47 34
57 22
54 22
8 38
30 12
10 66
9 66
36 26
4 13
8 28
32 39
58 44
35 10
50 50
76 56
22 68
40 10
26 35
20 66
24 22
10 48
44 67
10 3
37 6
76 57
27 18
4 27
36 4
68 62
6 10
48 74
66 14
11 62
32 11
49 24
68 64
12 49
16 64
18 46
57 36
2 46
12 32
66 42
74 70
18 24
26 15
62 70
34 23
52 56
46 16
16 26
44 28
78 11
22 60
54 64
28 34
52 33
18 71
18 14
24 29
13 56
15 6
63 62
76 75
74 4
54 67
42 42
38 64
68 53
22 43
68 38
6 72
48 34
42 11
48 71
56 31
15 44
72 44
40 32
33 12
32 16
36 48
33 42
62 55
4 66
72 39
26 63
12 50
56 74
31 40
14 64
22 16
2 52
75 60
70 58
32 38
16 13
78 12
32 47
56 64
19 20
58 4
54 63
57 48
58 22
12 20
54 74
21 14
59 78
18 70
8 26
37 68
2 18
50 12
23 10
46 48
18 30
48 2
50 52
27 4
71 66
76 8
75 66
22 2
75 38
68 25
6 39
12 48
64 53
54 54
3 8
14 61
38 52
58 75
7 52
20 18
62 50
34 69
34 47
38 8
25 2
60 28
28 5
68 12
18 34
24 46
7 50
16 74
77 44
45 40
2 64
9 38
77 66
24 54
8 6
15 30
29 60
27 70
12 62
28 56
62 42
64 64
47 20
6 73
15 36
56 39
40 4
48 12
9 58
26 36
43 48
58 28
52 30
70 64
64 68
67 50
55 38
68 57
48 58
64 27
16 57
16 63
62 3
78 64
22 12
66 24
44 26
54 78
36 23
74 34
25 60
55 36
2 70
75 56
38 78
18 42
40 48
6 12
35 58
26 4
24 26
4 56
65 2
56 56
14 8
18 37
36 14
22 69
13 4
44 75
42 26
52 66
12 64
64 67
38 41
17 30
66 60
39 30
6 24
6 48
76 59
30 46
75 68
60 17
20 30
42 72
52 34
42 61
3 32
30 54
6 7
22 24
60 42
10 32
26 52
6 46
4 36
72 57
78 57
16 40
42 6
71 70
64 78
72 76
14 14
46 12
71 74
30 21
4 48
46 4
60 33
22 56
48 28
66 18
75 36
68 46
6 59
46 44
7 2
38 36
38 49
54 8
55 70
30 62
14 39
50 47
63 44
11 72
70 44
58 45
38 68
12 59
74 78
77 50
78 73
30 56
36 22
18 78
74 77
36 64
14 51
27 64
50 38
25 44
10 63
17 48
40 28
12 25
14 32
16 71
76 24
56 43
69 56
77 8
56 46
72 69
4 71
13 42
57 18
76 53
30 22
67 28
72 12
72 73
41 76
8 54
52 44
36 6
31 30
42 45
20 73
16 30
34 78
28 66
48 76
73 76
24 4
10 50
43 16
60 6
29 2
34 42
52 78
78 10
31 60
45 16
76 16
24 56
50 64
72 29
60 34
58 6
28 20
52 20
59 12
78 16
49 6
4 12
14 66
72 10
61 14
10 16
4 2
18 26
78 56
17 58
60 27
34 18
4 63
62 74
24 60
23 20
8 48
29 42
70 77
4 29
26 20
66 65
16 52
52 77
77 16
24 15
78 40
69 68
54 24
50 48
65 42
27 50
40 9
50 49
46 76
16 70
26 78
56 12
64 6
56 20
26 16
76 41
62 34
47 72
62 62
58 42
44 53
51 28
20 68
68 44
56 8
78 5
61 72
8 47
76 40
73 52
23 74
74 54
78 42
11 44
39 74
71 44
2 5
28 74
67 14
14 18
38 44
27 20
25 38
21 38
49 12
74 32
66 30
7 20
5 66
23 62
52 50
64 60
2 40
23 32
30 61
22 44
68 16
54 68
70 16
24 25
44 49
72 54
2 58
48 73
40 69
2 17
54 62
6 56
60 64
42 22
6 50
50 14
51 20
16 22
34 20
44 6
61 28
52 26
10 21
4 72
64 56
65 14
30 72
24 42
39 24
52 9
59 70
76 32
26 2
50 56
21 78
8 11
70 40
62 67
32 46
50 17
16 19
42 38
48 7
6 26
20 53
57 54
38 34
42 20
27 38
68 63
61 40
34 67
21 20
2 7
26 10
74 48
14 47
7 72
62 60
2 47
12 67
73 12
54 32
5 64
2 20
46 51
18 49
60 32
78 4
41 60
8 46
40 2
57 2
56 45
65 26
64 29
12 56
78 28
74 50
48 49
30 58
20 6
46 47
72 3
40 61
52 29
22 74
28 65
38 27
28 71
14 30
58 26
63 70
52 51
60 61
5 78
58 74
70 18
42 76
72 30
31 66
18 69
60 78
26 45
63 34
33 60
34 6
53 54
32 67
16 56
10 36
51 34
74 33
16 33
15 74
73 54
18 53
17 52
3 46
8 7
20 34
34 36
6 35
22 40
10 31
49 22
48 53
70 42
60 47
17 16
51 46
54 10
46 45
39 78
42 5
14 31
33 4
62 78
20 22
6 64
37 76
65 18
6 74
38 32
68 66
32 50
74 14
24 24
74 5
24 67
56 72
35 22
66 78
62 36
24 36
74 26
60 44
10 54
65 52
52 28
30 60
42 39
2 4
48 50
40 41
52 36
33 18
60 58
34 22
29 8
16 68
48 14
26 67
69 78
39 50
62 46
76 15
44 10
36 66
15 28
12 42
48 26
10 38
22 14
51 56
51 18
76 44
28 67
58 63
33 76
14 42
10 40
70 5
73 26
77 32
51 66
46 77
72 50
74 58
40 74
10 5
34 34
7 64
76 50
2 44
23 2
72 2
35 74
43 72
14 26
38 9
72 74
27 42
76 2
18 60
78 30
30 50
69 20
56 33
6 40
60 8
28 72
25 30
33 2
66 12
14 4
8 36
60 24
32 74
3 68
20 78
12 78
52 70
20 16
76 42
20 70
22 8
26 38
32 26
44 13
73 14
4 34
77 76
66 74
32 29
12 72
6 66
74 56
78 63
70 51
17 34
11 34
72 60
11 20
24 76
13 22
67 72
38 69
10 24
16 34
74 6
60 26
20 56
22 51
28 28
42 31
10 52
69 76
6 34
34 52
61 70
38 47
78 78
7 78
64 34
13 6
66 7
4 78
71 22
78 25
76 47
8 70
67 32
16 17
18 12
42 19
46 46
5 6
48 25
30 19
43 54
54 4
68 67
14 57
22 42
47 38
20 12
46 8
8 59
52 27
16 49
78 38
45 26
37 42
73 64
43 28
66 28
24 38
44 78
27 46
64 37
72 26
78 76
8 16
19 44
64 70
22 67
22 59
34 12
3 2
18 38
62 58
6 58
46 42
61 34
70 50
28 27
7 54
8 61
40 56
62 56
60 18
62 20
62 24
70 27
29 14
64 26
26 70
68 24
2 63
4 46
66 50
46 73
53 24
75 44
64 3
12 61
74 64
28 16
26 12
8 40
20 54
20 19
34 11
72 38
21 54
33 74
11 40
34 24
71 10
68 4
36 74
44 72
48 33
6 9
37 62
20 11
4 37
50 34
6 61
74 19
38 60
28 31
34 54
17 22
19 28
60 3
15 56
60 10
42 28
59 36
11 12
43 70
2 10
56 54
30 11
23 52
49 78
38 66
10 68
52 24
29 78
66 39
76 62
2 61
44 9
62 31
76 4
64 69
46 25
35 50
24 69
8 8
40 60
40 70
18 72
44 34
55 56
20 2
76 10
5 22
10 23
54 14
38 59
45 74
13 28
23 22
2 16
26 74
54 46
16 32
46 64
7 30
70 10
14 53
64 54
58 47
32 25
14 41
42 32
72 58
48 72
54 52
72 18
24 11
52 60
48 67
60 66
34 71
32 24
14 52
12 36
52 68
66 38
35 64
76 69
77 42
50 23
58 43
10 72
76 54
12 23
2 27
26 30
3 36
76 12
56 30
70 30
12 75
38 72
9 44
62 49
23 40
23 56
68 45
24 10
39 38
60 40
28 36
5 46
48 52
66 4
73 78
43 46
38 28
50 46
32 9
69 46
40 15
70 22
28 40
35 2
26 50
15 60
36 35
37 26
50 24
20 50
30 6
74 10
76 38
8 23
40 62
45 2
40 16
15 46
6 54
70 61
32 28
65 22
14 34
56 61
22 7
60 48
14 67
56 57
65 12
70 2
4 58
8 74
4 50
37 12
73 32
13 14
3 6
71 36
14 13
26 14
15 42
44 36
52 57
53 68
6 43
72 72
20 10
66 62
30 78
4 32
46 18
12 52
18 28
30 24
6 60
14 37
50 54
20 23
16 45
49 32
64 36
56 4
12 33
76 34
44 39
52 6
13 20
72 61
42 68
63 32
42 12
50 70
60 68
8 63
67 4
75 22
78 65
65 10
74 40
29 52
58 14
16 25
76 30
44 43
40 30
78 31
66 32
52 43
44 60
49 70
66 53
30 23
72 20
34 76
17 38
71 18
70 48
26 75
9 76
78 22
58 29
28 15
36 38
78 72
42 4
54 27
3 52
6 28
54 34
2 66
72 19
3 62
6 44
4 41
78 58
11 30
2 57
68 14
68 2
